 1.900000 10000
 3.900000 20000
 5.700000 30000
 7.600000 40000
 9.800000 50000
 11.400000 60000
 13.400000 70000
 15.200000 80000
 17.100000 90000
 18.800000 100000
 20.650000 110000
 22.430000 120000
 24.340000 130000
 26.700000 140000
 28.870000 150000
 30.680000 160000
 32.420000 170000
 34.460000 180000
 36.380000 190000
 38.280000 200000
 40.860000 210000
 43.070000 220000
 45.520000 230000
 47.110000 240000
 48.770000 250000
 51.120000 260000
 53.810000 270000
 57.450000 280000
 59.220000 290000
 60.780000 300000
 62.970000 310000
 64.430000 320000
 66.090000 330000
 69.370000 340000
 70.810000 350000
 72.170000 360000
 74.120000 370000
 76.610000 380000
 77.680000 390000
 80.520000 400000
 82.980000 410000
 85.200000 420000
 88.760000 430000
 89.360000 440000
 91.160000 450000
 93.360000 460000
 95.710000 470000
 98.270000 480000
 101.870000 490000
 102.190000 500000
 104.960000 510000
 107.400000 520000
 110.100000 530000
 111.440000 540000
 116.070000 550000
 117.040000 560000
 119.430000 570000
 121.120000 580000
 123.940000 590000
 125.400000 600000
 127.990000 610000
 126.960000 620000
 129.040000 630000
 132.150000 640000
 133.540000 650000
 135.830000 660000
 140.820000 670000
 140.020000 680000
 143.960000 690000
 146.150000 700000
 147.690000 710000
 150.380000 720000
 153.700000 730000
 154.200000 740000
 156.580000 750000
 159.360000 760000
 161.390000 770000
 164.150000 780000
 166.150000 790000
 168.030000 800000
 172.110000 810000
 173.730000 820000
 176.950000 830000
 179.590000 840000
 180.830000 850000
 184.150000 860000
 183.370000 870000
 184.880000 880000
 188.170000 890000
 188.510000 900000
 192.550000 910000
 192.140000 920000
 196.000000 930000
 198.460000 940000
 200.770000 950000
 202.040000 960000
 206.080000 970000
 208.860000 980000
 206.320000 990000
 200.240000 1000000
